,Unnamed: 0,Date,Time,Global_active_power,Global_reactive_power,Voltage,Global_intensity,Sub_metering_1,Sub_metering_2,Sub_metering_3
0,1607436,2010-06-01,00:00:00,0.286,0.000,246.850,1.200,1.000,0.000,0.0
1,1607437,2010-06-01,00:01:00,0.302,0.000,247.130,1.200,1.000,0.000,1.0
2,1607438,2010-06-01,00:02:00,1.150,0.000,246.100,6.400,11.000,0.000,1.0
3,1607439,2010-06-01,00:03:00,2.612,0.000,244.560,10.600,40.000,0.000,0.0
4,1607440,2010-06-01,00:04:00,2.606,0.000,244.270,10.600,39.000,0.000,1.0
5,1607441,2010-06-01,00:05:00,2.600,0.000,244.040,10.600,39.000,0.000,1.0
6,1607442,2010-06-01,00:06:00,2.594,0.000,243.870,10.600,39.000,0.000,0.0
7,1607443,2010-06-01,00:07:00,2.598,0.000,244.450,10.600,40.000,0.000,1.0
8,1607444,2010-06-01,00:08:00,2.600,0.000,244.360,10.600,39.000,0.000,1.0
9,1607445,2010-06-01,00:09:00,2.596,0.000,244.000,10.600,39.000,0.000,0.0
10,1607446,2010-06-01,00:10:00,2.594,0.000,243.900,10.600,39.000,0.000,1.0
11,1607447,2010-06-01,00:11:00,2.594,0.000,244.230,10.600,39.000,0.000,1.0
12,1607448,2010-06-01,00:12:00,2.586,0.000,244.020,10.600,39.000,0.000,0.0
13,1607449,2010-06-01,00:13:00,2.582,0.000,243.840,10.600,39.000,0.000,1.0
14,1607450,2010-06-01,00:14:00,2.588,0.000,244.190,10.600,39.000,0.000,1.0
15,1607451,2010-06-01,00:15:00,2.610,0.000,245.340,10.600,40.000,0.000,0.0
16,1607452,2010-06-01,00:16:00,1.524,0.000,246.510,7.800,24.000,0.000,1.0
17,1607453,2010-06-01,00:17:00,0.250,0.000,247.530,1.000,0.000,0.000,1.0
18,1607454,2010-06-01,00:18:00,0.250,0.000,247.430,1.000,0.000,0.000,0.0
19,1607455,2010-06-01,00:19:00,0.344,0.098,247.840,1.600,0.000,0.000,1.0
20,1607456,2010-06-01,00:20:00,0.352,0.140,247.690,1.400,1.000,0.000,1.0
21,1607457,2010-06-01,00:21:00,0.336,0.104,247.200,1.400,0.000,0.000,0.0
22,1607458,2010-06-01,00:22:00,0.326,0.094,246.460,1.400,0.000,0.000,1.0
23,1607459,2010-06-01,00:23:00,0.324,0.092,245.980,1.400,0.000,0.000,1.0
24,1607460,2010-06-01,00:24:00,0.438,0.226,246.640,2.000,0.000,0.000,1.0
25,1607461,2010-06-01,00:25:00,0.434,0.238,246.900,2.000,0.000,0.000,0.0
26,1607462,2010-06-01,00:26:00,0.430,0.238,246.850,2.000,0.000,0.000,1.0
27,1607463,2010-06-01,00:27:00,0.428,0.240,247.190,2.000,0.000,0.000,1.0
28,1607464,2010-06-01,00:28:00,0.426,0.240,247.420,2.000,0.000,0.000,0.0
29,1607465,2010-06-01,00:29:00,0.426,0.244,247.930,2.000,0.000,0.000,1.0
30,1607466,2010-06-01,00:30:00,0.422,0.240,247.190,1.800,0.000,0.000,1.0
31,1607467,2010-06-01,00:31:00,0.368,0.158,247.580,1.600,0.000,0.000,0.0
32,1607468,2010-06-01,00:32:00,0.358,0.142,247.580,1.600,0.000,0.000,1.0
33,1607469,2010-06-01,00:33:00,0.364,0.152,248.120,1.600,0.000,0.000,1.0
34,1607470,2010-06-01,00:34:00,0.374,0.174,248.280,1.600,0.000,0.000,0.0
35,1607471,2010-06-01,00:35:00,0.358,0.142,248.610,1.400,0.000,0.000,1.0
36,1607472,2010-06-01,00:36:00,0.350,0.136,248.570,1.400,0.000,0.000,1.0
37,1607473,2010-06-01,00:37:00,0.348,0.134,248.050,1.400,0.000,0.000,1.0
38,1607474,2010-06-01,00:38:00,0.348,0.134,248.160,1.400,0.000,0.000,0.0
39,1607475,2010-06-01,00:39:00,0.330,0.106,248.370,1.400,0.000,0.000,1.0
40,1607476,2010-06-01,00:40:00,0.252,0.000,247.700,1.000,0.000,0.000,1.0
41,1607477,2010-06-01,00:41:00,0.252,0.000,247.960,1.000,0.000,0.000,0.0
42,1607478,2010-06-01,00:42:00,0.252,0.000,248.160,1.000,0.000,0.000,1.0
43,1607479,2010-06-01,00:43:00,0.252,0.000,248.340,1.000,0.000,0.000,1.0
44,1607480,2010-06-01,00:44:00,0.254,0.000,248.550,1.000,0.000,0.000,0.0
45,1607481,2010-06-01,00:45:00,0.254,0.000,248.620,1.000,0.000,0.000,1.0
46,1607482,2010-06-01,00:46:00,0.252,0.000,248.530,1.000,0.000,0.000,1.0
47,1607483,2010-06-01,00:47:00,0.254,0.000,248.890,1.000,0.000,0.000,0.0
48,1607484,2010-06-01,00:48:00,0.254,0.000,249.320,1.000,0.000,0.000,1.0
49,1607485,2010-06-01,00:49:00,0.254,0.000,249.010,1.000,0.000,0.000,1.0
50,1607486,2010-06-01,00:50:00,0.260,0.000,247.840,1.000,0.000,0.000,1.0
51,1607487,2010-06-01,00:51:00,0.286,0.000,246.950,1.200,0.000,0.000,0.0
52,1607488,2010-06-01,00:52:00,0.246,0.000,245.400,1.000,0.000,0.000,1.0
53,1607489,2010-06-01,00:53:00,0.246,0.000,245.440,1.000,0.000,0.000,1.0
54,1607490,2010-06-01,00:54:00,0.248,0.000,245.610,1.000,0.000,0.000,0.0
55,1607491,2010-06-01,00:55:00,0.246,0.000,245.210,1.000,0.000,0.000,1.0
56,1607492,2010-06-01,00:56:00,0.248,0.000,245.730,1.000,0.000,0.000,1.0
57,1607493,2010-06-01,00:57:00,0.248,0.000,245.880,1.000,0.000,0.000,0.0
58,1607494,2010-06-01,00:58:00,0.246,0.000,245.030,1.000,0.000,0.000,1.0
59,1607495,2010-06-01,00:59:00,0.246,0.000,244.590,1.000,0.000,0.000,1.0
60,1607496,2010-06-01,01:00:00,0.244,0.000,244.340,1.000,0.000,0.000,0.0
61,1607497,2010-06-01,01:01:00,0.246,0.000,244.510,1.000,0.000,0.000,1.0
62,1607498,2010-06-01,01:02:00,0.246,0.000,244.990,1.000,0.000,0.000,1.0
63,1607499,2010-06-01,01:03:00,0.246,0.000,245.160,1.000,0.000,0.000,0.0
64,1607500,2010-06-01,01:04:00,0.246,0.000,245.270,1.000,0.000,0.000,1.0
65,1607501,2010-06-01,01:05:00,0.246,0.000,244.700,1.000,0.000,0.000,1.0
66,1607502,2010-06-01,01:06:00,0.244,0.000,244.190,1.000,0.000,0.000,0.0
67,1607503,2010-06-01,01:07:00,0.346,0.078,244.450,1.600,0.000,0.000,1.0
68,1607504,2010-06-01,01:08:00,0.432,0.230,245.140,2.000,0.000,0.000,1.0
69,1607505,2010-06-01,01:09:00,0.432,0.232,245.500,2.000,0.000,0.000,0.0
70,1607506,2010-06-01,01:10:00,0.430,0.232,245.540,2.000,0.000,0.000,1.0
71,1607507,2010-06-01,01:11:00,0.428,0.232,245.550,2.000,0.000,0.000,1.0
72,1607508,2010-06-01,01:12:00,0.426,0.230,245.400,2.000,0.000,0.000,0.0
73,1607509,2010-06-01,01:13:00,0.422,0.230,245.290,1.800,0.000,0.000,1.0
74,1607510,2010-06-01,01:14:00,0.420,0.232,245.440,1.800,0.000,0.000,1.0
75,1607511,2010-06-01,01:15:00,0.418,0.230,245.160,1.800,0.000,0.000,0.0
76,1607512,2010-06-01,01:16:00,0.416,0.230,245.130,1.800,0.000,0.000,1.0
77,1607513,2010-06-01,01:17:00,0.416,0.232,245.410,1.800,0.000,0.000,1.0
78,1607514,2010-06-01,01:18:00,0.396,0.204,246.130,1.800,0.000,0.000,1.0
79,1607515,2010-06-01,01:19:00,0.346,0.126,246.030,1.400,0.000,0.000,0.0
80,1607516,2010-06-01,01:20:00,0.342,0.122,245.250,1.400,0.000,0.000,1.0
81,1607517,2010-06-01,01:21:00,0.342,0.120,244.820,1.400,0.000,0.000,1.0
82,1607518,2010-06-01,01:22:00,0.338,0.118,244.040,1.400,0.000,0.000,0.0
83,1607519,2010-06-01,01:23:00,0.264,0.000,244.310,1.000,0.000,0.000,1.0
84,1607520,2010-06-01,01:24:00,0.244,0.000,243.300,1.000,0.000,0.000,1.0
85,1607521,2010-06-01,01:25:00,0.242,0.000,242.220,1.000,0.000,0.000,0.0
86,1607522,2010-06-01,01:26:00,0.242,0.000,242.910,1.000,0.000,0.000,1.0
87,1607523,2010-06-01,01:27:00,0.242,0.000,242.890,1.000,0.000,0.000,1.0
88,1607524,2010-06-01,01:28:00,0.242,0.000,242.320,1.000,0.000,0.000,0.0
89,1607525,2010-06-01,01:29:00,0.242,0.000,242.660,1.000,0.000,0.000,1.0
90,1607526,2010-06-01,01:30:00,0.242,0.000,243.050,1.000,0.000,0.000,1.0
91,1607527,2010-06-01,01:31:00,0.242,0.000,243.020,1.000,0.000,0.000,0.0
92,1607528,2010-06-01,01:32:00,0.244,0.000,244.100,1.000,0.000,0.000,1.0
93,1607529,2010-06-01,01:33:00,0.246,0.000,244.700,1.000,0.000,0.000,1.0
94,1607530,2010-06-01,01:34:00,0.246,0.000,244.470,1.000,0.000,0.000,0.0
95,1607531,2010-06-01,01:35:00,0.246,0.000,244.690,1.000,0.000,0.000,1.0
96,1607532,2010-06-01,01:36:00,0.246,0.000,244.910,1.000,0.000,0.000,1.0
97,1607533,2010-06-01,01:37:00,0.246,0.000,245.170,1.000,0.000,0.000,0.0
98,1607534,2010-06-01,01:38:00,0.248,0.000,246.280,1.000,0.000,0.000,1.0
99,1607535,2010-06-01,01:39:00,0.248,0.000,246.230,1.000,0.000,0.000,1.0
100,1607536,2010-06-01,01:40:00,0.248,0.000,245.990,1.000,0.000,0.000,0.0
101,1607537,2010-06-01,01:41:00,0.248,0.000,245.650,1.000,0.000,0.000,1.0
102,1607538,2010-06-01,01:42:00,0.248,0.000,245.330,1.000,0.000,0.000,1.0
103,1607539,2010-06-01,01:43:00,0.248,0.000,245.970,1.000,0.000,0.000,0.0
104,1607540,2010-06-01,01:44:00,0.248,0.000,245.470,1.000,0.000,0.000,1.0
105,1607541,2010-06-01,01:45:00,0.248,0.000,245.680,1.000,0.000,0.000,1.0
106,1607542,2010-06-01,01:46:00,0.248,0.000,245.900,1.000,0.000,0.000,0.0
107,1607543,2010-06-01,01:47:00,0.248,0.000,246.290,1.000,0.000,0.000,1.0
108,1607544,2010-06-01,01:48:00,0.248,0.000,245.930,1.000,0.000,0.000,1.0
109,1607545,2010-06-01,01:49:00,0.246,0.000,245.050,1.000,0.000,0.000,0.0
110,1607546,2010-06-01,01:50:00,0.242,0.000,243.150,1.000,0.000,0.000,1.0
111,1607547,2010-06-01,01:51:00,0.312,0.048,242.030,1.400,0.000,0.000,1.0
112,1607548,2010-06-01,01:52:00,0.350,0.110,241.990,1.400,0.000,0.000,0.0
113,1607549,2010-06-01,01:53:00,0.348,0.114,242.700,1.400,0.000,0.000,1.0
114,1607550,2010-06-01,01:54:00,0.350,0.116,243.490,1.400,0.000,0.000,1.0
115,1607551,2010-06-01,01:55:00,0.348,0.116,243.390,1.400,0.000,0.000,0.0
116,1607552,2010-06-01,01:56:00,0.412,0.186,243.620,2.000,0.000,0.000,1.0
117,1607553,2010-06-01,01:57:00,0.422,0.224,243.570,1.800,0.000,0.000,1.0
118,1607554,2010-06-01,01:58:00,0.422,0.226,243.990,1.800,0.000,0.000,0.0
119,1607555,2010-06-01,01:59:00,0.420,0.224,243.740,1.800,0.000,0.000,1.0
120,1607556,2010-06-01,02:00:00,0.416,0.224,243.550,1.800,0.000,0.000,1.0
121,1607557,2010-06-01,02:01:00,0.418,0.232,245.070,1.800,0.000,0.000,0.0
122,1607558,2010-06-01,02:02:00,0.420,0.238,246.360,1.800,0.000,0.000,1.0
123,1607559,2010-06-01,02:03:00,0.418,0.238,246.440,1.800,0.000,0.000,1.0
124,1607560,2010-06-01,02:04:00,0.414,0.236,246.010,1.800,0.000,0.000,0.0
125,1607561,2010-06-01,02:05:00,0.416,0.238,246.610,1.800,0.000,0.000,1.0
126,1607562,2010-06-01,02:06:00,0.364,0.162,246.750,1.600,0.000,0.000,1.0
127,1607563,2010-06-01,02:07:00,0.262,0.000,246.140,1.000,0.000,0.000,0.0
128,1607564,2010-06-01,02:08:00,0.250,0.000,246.480,1.000,0.000,0.000,1.0
129,1607565,2010-06-01,02:09:00,0.250,0.000,247.050,1.000,0.000,0.000,1.0
130,1607566,2010-06-01,02:10:00,0.250,0.000,246.440,1.000,0.000,0.000,1.0
131,1607567,2010-06-01,02:11:00,0.248,0.000,246.000,1.000,0.000,0.000,0.0
132,1607568,2010-06-01,02:12:00,0.248,0.000,246.010,1.000,0.000,0.000,1.0
133,1607569,2010-06-01,02:13:00,0.248,0.000,246.040,1.000,0.000,0.000,1.0
134,1607570,2010-06-01,02:14:00,0.248,0.000,245.350,1.000,0.000,0.000,0.0
135,1607571,2010-06-01,02:15:00,0.276,0.000,245.680,1.200,0.000,0.000,1.0
136,1607572,2010-06-01,02:16:00,0.332,0.112,245.790,1.400,0.000,0.000,1.0
137,1607573,2010-06-01,02:17:00,0.332,0.112,245.690,1.400,0.000,2.000,0.0
138,1607574,2010-06-01,02:18:00,0.332,0.114,246.500,1.400,0.000,1.000,1.0
139,1607575,2010-06-01,02:19:00,0.334,0.118,247.270,1.400,0.000,2.000,1.0
140,1607576,2010-06-01,02:20:00,0.336,0.120,247.870,1.400,0.000,1.000,0.0
141,1607577,2010-06-01,02:21:00,0.336,0.118,247.510,1.400,0.000,1.000,1.0
142,1607578,2010-06-01,02:22:00,0.336,0.118,247.380,1.400,0.000,2.000,1.0
143,1607579,2010-06-01,02:23:00,0.334,0.116,247.130,1.400,0.000,1.000,0.0
144,1607580,2010-06-01,02:24:00,0.336,0.116,247.260,1.400,0.000,2.000,1.0
145,1607581,2010-06-01,02:25:00,0.336,0.116,247.310,1.400,0.000,1.000,1.0
146,1607582,2010-06-01,02:26:00,0.334,0.116,247.140,1.400,0.000,1.000,1.0
147,1607583,2010-06-01,02:27:00,0.334,0.114,246.340,1.400,0.000,2.000,0.0
148,1607584,2010-06-01,02:28:00,0.334,0.116,247.100,1.400,0.000,1.000,1.0
149,1607585,2010-06-01,02:29:00,0.336,0.118,247.550,1.400,0.000,2.000,1.0
150,1607586,2010-06-01,02:30:00,0.334,0.116,246.740,1.400,0.000,1.000,0.0
151,1607587,2010-06-01,02:31:00,0.334,0.116,246.910,1.400,0.000,1.000,1.0
152,1607588,2010-06-01,02:32:00,0.332,0.116,246.850,1.400,0.000,2.000,1.0
153,1607589,2010-06-01,02:33:00,0.332,0.116,247.020,1.400,0.000,1.000,0.0
154,1607590,2010-06-01,02:34:00,0.330,0.116,246.980,1.400,0.000,2.000,1.0
155,1607591,2010-06-01,02:35:00,0.448,0.252,246.300,2.000,0.000,1.000,1.0
156,1607592,2010-06-01,02:36:00,0.438,0.256,246.470,2.000,0.000,1.000,0.0
157,1607593,2010-06-01,02:37:00,0.434,0.258,246.840,2.000,0.000,1.000,1.0
158,1607594,2010-06-01,02:38:00,0.434,0.262,247.450,2.000,0.000,2.000,1.0
159,1607595,2010-06-01,02:39:00,0.434,0.266,248.050,2.000,0.000,1.000,0.0
160,1607596,2010-06-01,02:40:00,0.430,0.264,247.860,2.000,0.000,1.000,1.0
161,1607597,2010-06-01,02:41:00,0.428,0.264,247.740,2.000,0.000,2.000,1.0
162,1607598,2010-06-01,02:42:00,0.428,0.264,247.780,2.000,0.000,1.000,1.0
163,1607599,2010-06-01,02:43:00,0.424,0.262,247.360,2.000,0.000,1.000,0.0
164,1607600,2010-06-01,02:44:00,0.422,0.258,246.780,2.000,0.000,1.000,1.0
165,1607601,2010-06-01,02:45:00,0.422,0.262,247.590,2.000,0.000,2.000,1.0
166,1607602,2010-06-01,02:46:00,0.516,0.378,247.790,2.600,0.000,1.000,0.0
167,1607603,2010-06-01,02:47:00,0.500,0.380,248.550,2.400,0.000,1.000,1.0
168,1607604,2010-06-01,02:48:00,0.444,0.280,248.290,2.000,0.000,0.000,1.0
169,1607605,2010-06-01,02:49:00,0.396,0.202,248.500,1.800,0.000,0.000,0.0
170,1607606,2010-06-01,02:50:00,0.328,0.098,247.720,1.400,0.000,0.000,1.0
171,1607607,2010-06-01,02:51:00,0.326,0.096,246.660,1.400,0.000,0.000,1.0
172,1607608,2010-06-01,02:52:00,0.322,0.094,246.320,1.400,0.000,0.000,0.0
173,1607609,2010-06-01,02:53:00,0.320,0.094,246.160,1.400,0.000,0.000,1.0
174,1607610,2010-06-01,02:54:00,0.320,0.094,246.040,1.400,0.000,0.000,1.0
175,1607611,2010-06-01,02:55:00,0.318,0.090,245.320,1.200,0.000,0.000,1.0
176,1607612,2010-06-01,02:56:00,0.260,0.000,245.530,1.000,0.000,0.000,0.0
177,1607613,2010-06-01,02:57:00,0.248,0.000,245.880,1.000,0.000,0.000,1.0
178,1607614,2010-06-01,02:58:00,0.250,0.000,246.120,1.000,0.000,0.000,1.0
179,1607615,2010-06-01,02:59:00,0.252,0.000,247.120,1.000,0.000,0.000,0.0
180,1607616,2010-06-01,03:00:00,0.252,0.000,247.030,1.000,0.000,0.000,1.0
181,1607617,2010-06-01,03:01:00,0.250,0.000,246.230,1.000,0.000,0.000,1.0
182,1607618,2010-06-01,03:02:00,0.250,0.000,246.270,1.000,0.000,0.000,0.0
183,1607619,2010-06-01,03:03:00,0.250,0.000,246.600,1.000,0.000,0.000,1.0
184,1607620,2010-06-01,03:04:00,0.250,0.000,246.400,1.000,0.000,0.000,1.0
185,1607621,2010-06-01,03:05:00,0.250,0.000,246.510,1.000,0.000,0.000,0.0
186,1607622,2010-06-01,03:06:00,0.250,0.000,246.470,1.000,0.000,0.000,1.0
187,1607623,2010-06-01,03:07:00,0.250,0.000,246.600,1.000,0.000,0.000,1.0
188,1607624,2010-06-01,03:08:00,0.250,0.000,246.770,1.000,0.000,0.000,0.0
189,1607625,2010-06-01,03:09:00,0.250,0.000,246.400,1.000,0.000,0.000,1.0
190,1607626,2010-06-01,03:10:00,0.250,0.000,246.350,1.000,0.000,0.000,1.0
191,1607627,2010-06-01,03:11:00,0.252,0.000,247.180,1.000,0.000,0.000,0.0
192,1607628,2010-06-01,03:12:00,0.250,0.000,246.830,1.000,0.000,0.000,1.0
193,1607629,2010-06-01,03:13:00,0.252,0.000,247.800,1.000,0.000,0.000,1.0
194,1607630,2010-06-01,03:14:00,0.254,0.000,248.170,1.000,0.000,0.000,1.0
195,1607631,2010-06-01,03:15:00,0.252,0.000,247.460,1.000,0.000,0.000,0.0
196,1607632,2010-06-01,03:16:00,0.252,0.000,247.890,1.000,0.000,0.000,1.0
197,1607633,2010-06-01,03:17:00,0.252,0.000,248.010,1.000,0.000,0.000,1.0
198,1607634,2010-06-01,03:18:00,0.298,0.000,248.120,1.400,0.000,0.000,0.0
199,1607635,2010-06-01,03:19:00,0.368,0.138,248.860,1.600,0.000,0.000,1.0
