,Date,Time,Global_active_power,Global_reactive_power,Voltage,Global_intensity,Sub_metering_1,Sub_metering_2,Sub_metering_3,user_id
0,2010-06-01,00:00:00,0.28600000000000003,0.0,246.85,1.2,1.0,0.0,0.0,1234
1,2010-06-01,00:01:00,0.302,0.0,247.13,1.2,1.0,0.0,1.0,1234
2,2010-06-01,00:02:00,1.15,0.0,246.1,6.4,11.0,0.0,1.0,1234
3,2010-06-01,00:03:00,2.612,0.0,244.56,10.6,40.0,0.0,0.0,1234
4,2010-06-01,00:04:00,2.6060000000000003,0.0,244.27,10.6,39.0,0.0,1.0,1234
5,2010-06-01,00:05:00,2.6,0.0,244.04,10.6,39.0,0.0,1.0,1234
6,2010-06-01,00:06:00,2.594,0.0,243.87,10.6,39.0,0.0,0.0,1234
7,2010-06-01,00:07:00,2.5980000000000003,0.0,244.45,10.6,40.0,0.0,1.0,1234
8,2010-06-01,00:08:00,2.6,0.0,244.36,10.6,39.0,0.0,1.0,1234
9,2010-06-01,00:09:00,2.596,0.0,244.0,10.6,39.0,0.0,0.0,1234
10,2010-06-01,00:10:00,2.594,0.0,243.9,10.6,39.0,0.0,1.0,1234
11,2010-06-01,00:11:00,2.594,0.0,244.23,10.6,39.0,0.0,1.0,1234
12,2010-06-01,00:12:00,2.5860000000000003,0.0,244.02,10.6,39.0,0.0,0.0,1234
13,2010-06-01,00:13:00,2.582,0.0,243.84,10.6,39.0,0.0,1.0,1234
14,2010-06-01,00:14:00,2.588,0.0,244.19,10.6,39.0,0.0,1.0,1234
15,2010-06-01,00:15:00,2.61,0.0,245.34,10.6,40.0,0.0,0.0,1234
16,2010-06-01,00:16:00,1.524,0.0,246.51,7.8,24.0,0.0,1.0,1234
17,2010-06-01,00:17:00,0.25,0.0,247.53,1.0,0.0,0.0,1.0,1234
18,2010-06-01,00:18:00,0.25,0.0,247.43,1.0,0.0,0.0,0.0,1234
19,2010-06-01,00:19:00,0.344,0.098,247.84,1.6,0.0,0.0,1.0,1234
20,2010-06-01,00:20:00,0.35200000000000004,0.14,247.69,1.4,1.0,0.0,1.0,1234
21,2010-06-01,00:21:00,0.336,0.10400000000000001,247.2,1.4,0.0,0.0,0.0,1234
22,2010-06-01,00:22:00,0.326,0.094,246.46,1.4,0.0,0.0,1.0,1234
23,2010-06-01,00:23:00,0.324,0.092,245.98,1.4,0.0,0.0,1.0,1234
24,2010-06-01,00:24:00,0.43799999999999994,0.226,246.64,2.0,0.0,0.0,1.0,1234
25,2010-06-01,00:25:00,0.434,0.23800000000000002,246.9,2.0,0.0,0.0,0.0,1234
26,2010-06-01,00:26:00,0.43,0.23800000000000002,246.85,2.0,0.0,0.0,1.0,1234
27,2010-06-01,00:27:00,0.428,0.24,247.19,2.0,0.0,0.0,1.0,1234
28,2010-06-01,00:28:00,0.426,0.24,247.42,2.0,0.0,0.0,0.0,1234
29,2010-06-01,00:29:00,0.426,0.244,247.93,2.0,0.0,0.0,1.0,1234
30,2010-06-01,00:30:00,0.42200000000000004,0.24,247.19,1.8,0.0,0.0,1.0,1234
31,2010-06-01,00:31:00,0.368,0.158,247.58,1.6,0.0,0.0,0.0,1234
32,2010-06-01,00:32:00,0.358,0.142,247.58,1.6,0.0,0.0,1.0,1234
33,2010-06-01,00:33:00,0.364,0.152,248.12,1.6,0.0,0.0,1.0,1234
34,2010-06-01,00:34:00,0.374,0.174,248.28,1.6,0.0,0.0,0.0,1234
35,2010-06-01,00:35:00,0.358,0.142,248.61,1.4,0.0,0.0,1.0,1234
36,2010-06-01,00:36:00,0.35,0.136,248.57,1.4,0.0,0.0,1.0,1234
37,2010-06-01,00:37:00,0.348,0.134,248.05,1.4,0.0,0.0,1.0,1234
38,2010-06-01,00:38:00,0.348,0.134,248.16,1.4,0.0,0.0,0.0,1234
39,2010-06-01,00:39:00,0.33,0.106,248.37,1.4,0.0,0.0,1.0,1234
40,2010-06-01,00:40:00,0.252,0.0,247.7,1.0,0.0,0.0,1.0,1234
41,2010-06-01,00:41:00,0.252,0.0,247.96,1.0,0.0,0.0,0.0,1234
42,2010-06-01,00:42:00,0.252,0.0,248.16,1.0,0.0,0.0,1.0,1234
43,2010-06-01,00:43:00,0.252,0.0,248.34,1.0,0.0,0.0,1.0,1234
44,2010-06-01,00:44:00,0.254,0.0,248.55,1.0,0.0,0.0,0.0,1234
45,2010-06-01,00:45:00,0.254,0.0,248.62,1.0,0.0,0.0,1.0,1234
46,2010-06-01,00:46:00,0.252,0.0,248.53,1.0,0.0,0.0,1.0,1234
47,2010-06-01,00:47:00,0.254,0.0,248.89,1.0,0.0,0.0,0.0,1234
48,2010-06-01,00:48:00,0.254,0.0,249.32,1.0,0.0,0.0,1.0,1234
49,2010-06-01,00:49:00,0.254,0.0,249.01,1.0,0.0,0.0,1.0,1234
50,2010-06-01,00:50:00,0.26,0.0,247.84,1.0,0.0,0.0,1.0,1234
51,2010-06-01,00:51:00,0.28600000000000003,0.0,246.95,1.2,0.0,0.0,0.0,1234
52,2010-06-01,00:52:00,0.24600000000000002,0.0,245.4,1.0,0.0,0.0,1.0,1234
53,2010-06-01,00:53:00,0.24600000000000002,0.0,245.44,1.0,0.0,0.0,1.0,1234
54,2010-06-01,00:54:00,0.248,0.0,245.61,1.0,0.0,0.0,0.0,1234
55,2010-06-01,00:55:00,0.24600000000000002,0.0,245.21,1.0,0.0,0.0,1.0,1234
56,2010-06-01,00:56:00,0.248,0.0,245.73,1.0,0.0,0.0,1.0,1234
57,2010-06-01,00:57:00,0.248,0.0,245.88,1.0,0.0,0.0,0.0,1234
58,2010-06-01,00:58:00,0.24600000000000002,0.0,245.03,1.0,0.0,0.0,1.0,1234
59,2010-06-01,00:59:00,0.24600000000000002,0.0,244.59,1.0,0.0,0.0,1.0,1234
60,2010-06-01,01:00:00,0.244,0.0,244.34,1.0,0.0,0.0,0.0,1234
61,2010-06-01,01:01:00,0.24600000000000002,0.0,244.51,1.0,0.0,0.0,1.0,1234
62,2010-06-01,01:02:00,0.24600000000000002,0.0,244.99,1.0,0.0,0.0,1.0,1234
63,2010-06-01,01:03:00,0.24600000000000002,0.0,245.16,1.0,0.0,0.0,0.0,1234
64,2010-06-01,01:04:00,0.24600000000000002,0.0,245.27,1.0,0.0,0.0,1.0,1234
65,2010-06-01,01:05:00,0.24600000000000002,0.0,244.7,1.0,0.0,0.0,1.0,1234
66,2010-06-01,01:06:00,0.244,0.0,244.19,1.0,0.0,0.0,0.0,1234
67,2010-06-01,01:07:00,0.34600000000000003,0.078,244.45,1.6,0.0,0.0,1.0,1234
68,2010-06-01,01:08:00,0.43200000000000005,0.23,245.14,2.0,0.0,0.0,1.0,1234
69,2010-06-01,01:09:00,0.43200000000000005,0.23199999999999998,245.5,2.0,0.0,0.0,0.0,1234
70,2010-06-01,01:10:00,0.43,0.23199999999999998,245.54,2.0,0.0,0.0,1.0,1234
71,2010-06-01,01:11:00,0.428,0.23199999999999998,245.55,2.0,0.0,0.0,1.0,1234
72,2010-06-01,01:12:00,0.426,0.23,245.4,2.0,0.0,0.0,0.0,1234
73,2010-06-01,01:13:00,0.42200000000000004,0.23,245.29,1.8,0.0,0.0,1.0,1234
74,2010-06-01,01:14:00,0.42,0.23199999999999998,245.44,1.8,0.0,0.0,1.0,1234
75,2010-06-01,01:15:00,0.418,0.23,245.16,1.8,0.0,0.0,0.0,1234
76,2010-06-01,01:16:00,0.41600000000000004,0.23,245.13,1.8,0.0,0.0,1.0,1234
77,2010-06-01,01:17:00,0.41600000000000004,0.23199999999999998,245.41,1.8,0.0,0.0,1.0,1234
78,2010-06-01,01:18:00,0.396,0.204,246.13,1.8,0.0,0.0,1.0,1234
79,2010-06-01,01:19:00,0.34600000000000003,0.126,246.03,1.4,0.0,0.0,0.0,1234
80,2010-06-01,01:20:00,0.342,0.122,245.25,1.4,0.0,0.0,1.0,1234
81,2010-06-01,01:21:00,0.342,0.12,244.82,1.4,0.0,0.0,1.0,1234
82,2010-06-01,01:22:00,0.33799999999999997,0.11800000000000001,244.04,1.4,0.0,0.0,0.0,1234
83,2010-06-01,01:23:00,0.264,0.0,244.31,1.0,0.0,0.0,1.0,1234
84,2010-06-01,01:24:00,0.244,0.0,243.3,1.0,0.0,0.0,1.0,1234
85,2010-06-01,01:25:00,0.242,0.0,242.22,1.0,0.0,0.0,0.0,1234
86,2010-06-01,01:26:00,0.242,0.0,242.91,1.0,0.0,0.0,1.0,1234
87,2010-06-01,01:27:00,0.242,0.0,242.89,1.0,0.0,0.0,1.0,1234
88,2010-06-01,01:28:00,0.242,0.0,242.32,1.0,0.0,0.0,0.0,1234
89,2010-06-01,01:29:00,0.242,0.0,242.66,1.0,0.0,0.0,1.0,1234
90,2010-06-01,01:30:00,0.242,0.0,243.05,1.0,0.0,0.0,1.0,1234
91,2010-06-01,01:31:00,0.242,0.0,243.02,1.0,0.0,0.0,0.0,1234
92,2010-06-01,01:32:00,0.244,0.0,244.1,1.0,0.0,0.0,1.0,1234
93,2010-06-01,01:33:00,0.24600000000000002,0.0,244.7,1.0,0.0,0.0,1.0,1234
94,2010-06-01,01:34:00,0.24600000000000002,0.0,244.47,1.0,0.0,0.0,0.0,1234
95,2010-06-01,01:35:00,0.24600000000000002,0.0,244.69,1.0,0.0,0.0,1.0,1234
96,2010-06-01,01:36:00,0.24600000000000002,0.0,244.91,1.0,0.0,0.0,1.0,1234
97,2010-06-01,01:37:00,0.24600000000000002,0.0,245.17,1.0,0.0,0.0,0.0,1234
98,2010-06-01,01:38:00,0.248,0.0,246.28,1.0,0.0,0.0,1.0,1234
99,2010-06-01,01:39:00,0.248,0.0,246.23,1.0,0.0,0.0,1.0,1234
100,2010-06-01,01:40:00,0.248,0.0,245.99,1.0,0.0,0.0,0.0,1234
101,2010-06-01,01:41:00,0.248,0.0,245.65,1.0,0.0,0.0,1.0,1234
102,2010-06-01,01:42:00,0.248,0.0,245.33,1.0,0.0,0.0,1.0,1234
103,2010-06-01,01:43:00,0.248,0.0,245.97,1.0,0.0,0.0,0.0,1234
104,2010-06-01,01:44:00,0.248,0.0,245.47,1.0,0.0,0.0,1.0,1234
105,2010-06-01,01:45:00,0.248,0.0,245.68,1.0,0.0,0.0,1.0,1234
106,2010-06-01,01:46:00,0.248,0.0,245.9,1.0,0.0,0.0,0.0,1234
107,2010-06-01,01:47:00,0.248,0.0,246.29,1.0,0.0,0.0,1.0,1234
108,2010-06-01,01:48:00,0.248,0.0,245.93,1.0,0.0,0.0,1.0,1234
109,2010-06-01,01:49:00,0.24600000000000002,0.0,245.05,1.0,0.0,0.0,0.0,1234
110,2010-06-01,01:50:00,0.242,0.0,243.15,1.0,0.0,0.0,1.0,1234
111,2010-06-01,01:51:00,0.312,0.048,242.03,1.4,0.0,0.0,1.0,1234
112,2010-06-01,01:52:00,0.35,0.11,241.99,1.4,0.0,0.0,0.0,1234
113,2010-06-01,01:53:00,0.348,0.114,242.7,1.4,0.0,0.0,1.0,1234
114,2010-06-01,01:54:00,0.35,0.11599999999999999,243.49,1.4,0.0,0.0,1.0,1234
115,2010-06-01,01:55:00,0.348,0.11599999999999999,243.39,1.4,0.0,0.0,0.0,1234
116,2010-06-01,01:56:00,0.41200000000000003,0.18600000000000003,243.62,2.0,0.0,0.0,1.0,1234
117,2010-06-01,01:57:00,0.42200000000000004,0.22399999999999998,243.57,1.8,0.0,0.0,1.0,1234
118,2010-06-01,01:58:00,0.42200000000000004,0.226,243.99,1.8,0.0,0.0,0.0,1234
119,2010-06-01,01:59:00,0.42,0.22399999999999998,243.74,1.8,0.0,0.0,1.0,1234
120,2010-06-01,02:00:00,0.41600000000000004,0.22399999999999998,243.55,1.8,0.0,0.0,1.0,1234
121,2010-06-01,02:01:00,0.418,0.23199999999999998,245.07,1.8,0.0,0.0,0.0,1234
122,2010-06-01,02:02:00,0.42,0.23800000000000002,246.36,1.8,0.0,0.0,1.0,1234
123,2010-06-01,02:03:00,0.418,0.23800000000000002,246.44,1.8,0.0,0.0,1.0,1234
124,2010-06-01,02:04:00,0.414,0.23600000000000002,246.01,1.8,0.0,0.0,0.0,1234
125,2010-06-01,02:05:00,0.41600000000000004,0.23800000000000002,246.61,1.8,0.0,0.0,1.0,1234
126,2010-06-01,02:06:00,0.364,0.162,246.75,1.6,0.0,0.0,1.0,1234
127,2010-06-01,02:07:00,0.262,0.0,246.14,1.0,0.0,0.0,0.0,1234
128,2010-06-01,02:08:00,0.25,0.0,246.48,1.0,0.0,0.0,1.0,1234
129,2010-06-01,02:09:00,0.25,0.0,247.05,1.0,0.0,0.0,1.0,1234
130,2010-06-01,02:10:00,0.25,0.0,246.44,1.0,0.0,0.0,1.0,1234
131,2010-06-01,02:11:00,0.248,0.0,246.0,1.0,0.0,0.0,0.0,1234
132,2010-06-01,02:12:00,0.248,0.0,246.01,1.0,0.0,0.0,1.0,1234
133,2010-06-01,02:13:00,0.248,0.0,246.04,1.0,0.0,0.0,1.0,1234
134,2010-06-01,02:14:00,0.248,0.0,245.35,1.0,0.0,0.0,0.0,1234
135,2010-06-01,02:15:00,0.276,0.0,245.68,1.2,0.0,0.0,1.0,1234
136,2010-06-01,02:16:00,0.332,0.11199999999999999,245.79,1.4,0.0,0.0,1.0,1234
137,2010-06-01,02:17:00,0.332,0.11199999999999999,245.69,1.4,0.0,2.0,0.0,1234
138,2010-06-01,02:18:00,0.332,0.114,246.5,1.4,0.0,1.0,1.0,1234
139,2010-06-01,02:19:00,0.33399999999999996,0.11800000000000001,247.27,1.4,0.0,2.0,1.0,1234
140,2010-06-01,02:20:00,0.336,0.12,247.87,1.4,0.0,1.0,0.0,1234
141,2010-06-01,02:21:00,0.336,0.11800000000000001,247.51,1.4,0.0,1.0,1.0,1234
142,2010-06-01,02:22:00,0.336,0.11800000000000001,247.38,1.4,0.0,2.0,1.0,1234
143,2010-06-01,02:23:00,0.33399999999999996,0.11599999999999999,247.13,1.4,0.0,1.0,0.0,1234
144,2010-06-01,02:24:00,0.336,0.11599999999999999,247.26,1.4,0.0,2.0,1.0,1234
145,2010-06-01,02:25:00,0.336,0.11599999999999999,247.31,1.4,0.0,1.0,1.0,1234
146,2010-06-01,02:26:00,0.33399999999999996,0.11599999999999999,247.14,1.4,0.0,1.0,1.0,1234
147,2010-06-01,02:27:00,0.33399999999999996,0.114,246.34,1.4,0.0,2.0,0.0,1234
148,2010-06-01,02:28:00,0.33399999999999996,0.11599999999999999,247.1,1.4,0.0,1.0,1.0,1234
149,2010-06-01,02:29:00,0.336,0.11800000000000001,247.55,1.4,0.0,2.0,1.0,1234
150,2010-06-01,02:30:00,0.33399999999999996,0.11599999999999999,246.74,1.4,0.0,1.0,0.0,1234
151,2010-06-01,02:31:00,0.33399999999999996,0.11599999999999999,246.91,1.4,0.0,1.0,1.0,1234
152,2010-06-01,02:32:00,0.332,0.11599999999999999,246.85,1.4,0.0,2.0,1.0,1234
153,2010-06-01,02:33:00,0.332,0.11599999999999999,247.02,1.4,0.0,1.0,0.0,1234
154,2010-06-01,02:34:00,0.33,0.11599999999999999,246.98,1.4,0.0,2.0,1.0,1234
155,2010-06-01,02:35:00,0.44799999999999995,0.252,246.3,2.0,0.0,1.0,1.0,1234
156,2010-06-01,02:36:00,0.43799999999999994,0.256,246.47,2.0,0.0,1.0,0.0,1234
157,2010-06-01,02:37:00,0.434,0.258,246.84,2.0,0.0,1.0,1.0,1234
158,2010-06-01,02:38:00,0.434,0.262,247.45,2.0,0.0,2.0,1.0,1234
159,2010-06-01,02:39:00,0.434,0.266,248.05,2.0,0.0,1.0,0.0,1234
160,2010-06-01,02:40:00,0.43,0.264,247.86,2.0,0.0,1.0,1.0,1234
161,2010-06-01,02:41:00,0.428,0.264,247.74,2.0,0.0,2.0,1.0,1234
162,2010-06-01,02:42:00,0.428,0.264,247.78,2.0,0.0,1.0,1.0,1234
163,2010-06-01,02:43:00,0.424,0.262,247.36,2.0,0.0,1.0,0.0,1234
164,2010-06-01,02:44:00,0.42200000000000004,0.258,246.78,2.0,0.0,1.0,1.0,1234
165,2010-06-01,02:45:00,0.42200000000000004,0.262,247.59,2.0,0.0,2.0,1.0,1234
166,2010-06-01,02:46:00,0.516,0.37799999999999995,247.79,2.6,0.0,1.0,0.0,1234
167,2010-06-01,02:47:00,0.5,0.38,248.55,2.4,0.0,1.0,1.0,1234
168,2010-06-01,02:48:00,0.444,0.28,248.29,2.0,0.0,0.0,1.0,1234
169,2010-06-01,02:49:00,0.396,0.20199999999999999,248.5,1.8,0.0,0.0,0.0,1234
170,2010-06-01,02:50:00,0.32799999999999996,0.098,247.72,1.4,0.0,0.0,1.0,1234
171,2010-06-01,02:51:00,0.326,0.096,246.66,1.4,0.0,0.0,1.0,1234
172,2010-06-01,02:52:00,0.322,0.094,246.32,1.4,0.0,0.0,0.0,1234
173,2010-06-01,02:53:00,0.32,0.094,246.16,1.4,0.0,0.0,1.0,1234
174,2010-06-01,02:54:00,0.32,0.094,246.04,1.4,0.0,0.0,1.0,1234
175,2010-06-01,02:55:00,0.318,0.09,245.32,1.2,0.0,0.0,1.0,1234
176,2010-06-01,02:56:00,0.26,0.0,245.53,1.0,0.0,0.0,0.0,1234
177,2010-06-01,02:57:00,0.248,0.0,245.88,1.0,0.0,0.0,1.0,1234
178,2010-06-01,02:58:00,0.25,0.0,246.12,1.0,0.0,0.0,1.0,1234
179,2010-06-01,02:59:00,0.252,0.0,247.12,1.0,0.0,0.0,0.0,1234
180,2010-06-01,03:00:00,0.252,0.0,247.03,1.0,0.0,0.0,1.0,1234
181,2010-06-01,03:01:00,0.25,0.0,246.23,1.0,0.0,0.0,1.0,1234
182,2010-06-01,03:02:00,0.25,0.0,246.27,1.0,0.0,0.0,0.0,1234
183,2010-06-01,03:03:00,0.25,0.0,246.6,1.0,0.0,0.0,1.0,1234
184,2010-06-01,03:04:00,0.25,0.0,246.4,1.0,0.0,0.0,1.0,1234
185,2010-06-01,03:05:00,0.25,0.0,246.51,1.0,0.0,0.0,0.0,1234
186,2010-06-01,03:06:00,0.25,0.0,246.47,1.0,0.0,0.0,1.0,1234
187,2010-06-01,03:07:00,0.25,0.0,246.6,1.0,0.0,0.0,1.0,1234
188,2010-06-01,03:08:00,0.25,0.0,246.77,1.0,0.0,0.0,0.0,1234
189,2010-06-01,03:09:00,0.25,0.0,246.4,1.0,0.0,0.0,1.0,1234
190,2010-06-01,03:10:00,0.25,0.0,246.35,1.0,0.0,0.0,1.0,1234
191,2010-06-01,03:11:00,0.252,0.0,247.18,1.0,0.0,0.0,0.0,1234
192,2010-06-01,03:12:00,0.25,0.0,246.83,1.0,0.0,0.0,1.0,1234
193,2010-06-01,03:13:00,0.252,0.0,247.8,1.0,0.0,0.0,1.0,1234
194,2010-06-01,03:14:00,0.254,0.0,248.17,1.0,0.0,0.0,1.0,1234
195,2010-06-01,03:15:00,0.252,0.0,247.46,1.0,0.0,0.0,0.0,1234
196,2010-06-01,03:16:00,0.252,0.0,247.89,1.0,0.0,0.0,1.0,1234
197,2010-06-01,03:17:00,0.252,0.0,248.01,1.0,0.0,0.0,1.0,1234
198,2010-06-01,03:18:00,0.298,0.0,248.12,1.4,0.0,0.0,0.0,1234
199,2010-06-01,03:19:00,0.368,0.138,248.86,1.6,0.0,0.0,1.0,1234
